28	220	194	69	204	179	208	30	216	34
46	201	216	184	236	233	159	25	16	12
43	190	84	93	127	249	106	139	29	20
184	227	90	228	250	113	250	116	185	10
86	137	120	212	142	166	187	54	184	191
157	18	118	186	255	85	38	69	88	130
128	14	12	181	0	137	174	136	127	65
108	186	90	185	181	245	4	125	12	80
18	238	166	228	232	158	97	107	42	94
81	163	88	82	236	155	54	30	58	0

Integral images

28    248    442    511    715    894    1102    1132    1348    1382
74    495    905    1158    1598    2796    2377    2432    2664    2710
117    728    1222    1568    2135    2796    3269    3463    3724    3790
301    1139    1723    2297    3114    3888    4611    4921    5367    5443
387    1362    2066    2852    3811    4751    5661    6025    6655    6922
544    1537    2359    3331    4545    5570    6518    6951    7669    8066
672    1679    2513    3666    4880    6042    7164    7733    8578    9040
780    1973    2897    4235    5630    7037    8163    8857    9714    10256
798    2473    3651    5299    7162    8882    10159    10990    11947    12583
